%YAML:1.0
M1: !!opencv-matrix
   rows: 3
   cols: 3
   dt: d
   data: [ 5.3471330014285377e+002, 0., 3.3513862534093067e+002, 0.,
       5.3471330014285377e+002, 2.4020611211587783e+002, 0., 0., 1. ]
D1: !!opencv-matrix
   rows: 1
   cols: 12
   dt: d
   data: [ -2.7456948644472212e-001, -1.8313659556725929e-002, 0., 0.,
       0., 0., 0., -2.4476896016995239e-001, 0., 0., 0., 0. ]
M2: !!opencv-matrix
   rows: 3
   cols: 3
   dt: d
   data: [ 5.3471330014285377e+002, 0., 3.3401539789575446e+002, 0.,
       5.3471330014285377e+002, 2.4159046721861952e+002, 0., 0., 1. ]
D2: !!opencv-matrix
   rows: 1
   cols: 12
   dt: d
   data: [ -2.8073637368714732e-001, 9.3010333961677016e-002, 0., 0., 0.,
       0., 0., 1.6329629636467589e-002, 0., 0., 0., 0. ]
